1804
1803
1803
1800
1795
1796
1793
1789
1794
1789
1788
1786
1786
1786
1786
1785
1787
1784
1784
1786
1784
1787
1786
1789
1789
1792
1792
1794
1794
1795
1797
1800
1802
1800
1800
1801
1802
1802
1801
1802
1800
1802
1800
1800
1798
1797
1798
1797
1793
1789
1788
1789
1789
1789
1789
1793
1793
1792
1789
1789
1791
1789
1792
1791
1792
1793
1795
1795
1796
1796
1796
1796
1797
1798
1798
1798
1798
1800
1800
1798
1800
1800
1800
1801
1801
1800
1801
1800
1803
1802
1805
1805
1803
1807
1807
1807
1807
1807
1807
1805
1805
1805
1803
1803
1801
1802
1800
1798
1798
1798
1798
1797
1796
1797
1798
1796
1796
1795
1795
1794
1795
1794
1794
1798
1795
1798
1795
1796
1796
1798
1798
1798
1800
1800
1801
1802
1802
1803
1801
1802
1801
1802
1802
1801
1801
1801
1800
1800
1800
1800
1800
1800
1798
1798
1798
1798
1796
1798
1798
1798
1796
1798
1796
1796
1796
1796
1797
1796
1795
1795
1796
1796
1796
1795
1795
1792
1794
1794
1789
1788
1789
1789
1787
1789
1788
1788
1789
1789
1793
1793
1792
1791
1791
1791
1791
1791
1792
1792
1792
1796
1793
1796
1794
1796
1795
1794
1795
1794
1794
1794
1794
1793
1794
1793
1792
1796
1793
1792
1795
1793
1794
1794
1794
1794
1794
1793
1794
1793
1794
1793
1793
1795
1794
1794
1795
1795
1794
1794
1794
1794
1794
1794
1794
1794
1794
1794
1792
1794
1793
1793
1792
1793
1793
1792
1792
1791
1791
1792
1791
1791
1791
1789
1789
1789
1789
1788
1788
1788
1788
1787
1787
1787
1785
1785
1785
1786
1784
1785
1782
1782
1782
1782
1780
1782
1780
1782
1780
1780
1780
1782
1780
1780
1782
1780
1780
1782
1782
1782
1782
1782
1785
1786
1784
1786
1786
1788
1787
1787
1788
1788
1788
1789
1788
1789
1789
1789
1789
1789
1791
1791
1789
1793
1793
1793
1794
1794
1794
1796
1795
1796
1796
1796
1797
1797
1798
1798
1797
1797
1797
1797
1796
1795
1797
1794
1796
1794
1793
1793
1793
1793
1793
1794
1795
1793
1795
1794
1794
1795
1793
1794
1795
1794
1794
1794
1794
1794
1794
1794
1795
1795
1796
1796
1796
1795
1796
1796
1795
1795
1796
1796
1796
1797
1797
1796
1797
1797
1798
1797
1798
1797
1798
1798
1800
1801
1800
1800
1801
1801
1802
1802
1803
1803
1804
1804
1804
1803
1805
1805
1805
1805
1805
1805
1805
1805
1805
1805
1805
1805
1805
1805
1805
1805
1803
1803
1804
1804
1803
1803
1803
1803
1804
1802
1802
1802
1803
1803
1802
1803
1802
1802
1802
1802
1801
1802
1801
1802
1803
1802
1802
1801
1802
1801
1802
1801
1801
1800
1801
1800
1800
1800
1798
1798
1798
1798
1798
1797
1797
1797
1796
1796
1797
1797
1796
1796
1797
1797
1797
1798
1798
1797
1798
1798
1797
1797
1797
1798
1798
1798
1798
1798
1798
1798
1798
1798
1798
1798
1798
1798
1800
1798
1800
1800
1802
1801
1800
1800
1800
1798
1798
1798
1798
1798
1798
1798
1798
1798
1797
1797
1798
1797
1797
1796
1796
1795
1796
1795
1796
1796
1796
1796
1796
1795
1795
1795
1794
1795
1795
1795
1794
1795
1795
1795
1795
1795
1796
1795
1795
1795
1794
1795
1795
1795
1795
1795
1795
1794
1796
1794
1795
1795
1795
1795
1797
1797
1798
1798
1798
1800
1800
1801
1800
1800
1801
1802
1803
1802
1802
1803
1805
1805
1805
1805
1805
1803
1805
1802
1805
1802
1800
1801
1801
1801
1800
1800
1800
1800
1800
1798
1798
1798
1798
1798
1798
1798
1798
1798
1798
1798
1798
1798
1798
1798
1798
1798
1798
1798
1798
1798
1798
1800
1798
1798
1800
1800
1800
1800
1800
1801
1801
1801
1801
1801
1802
1803
1802
1802
1803
1801
1802
1803
1803
1803
1803
1803
1800
1802
1803
1802
1802
1802
1801
1801
1800
1801
1800
1801
1801
1800
1801
1800
1800
1800
1800
1800
1798
1800
1800
1800
1800
1800
1800
1798
1798
1798
1801
1800
1800
1798
1798
1798
1798
1798
1798
1800
1798
1798
1798
1798
1798
1798
1798
1798
1798
1798
1798
1798
1798
1798
1798
1798
1798
1798
1798
1798
1798
1797
1798
1797
1797
1797
1797
1798
1797
1797
1797
1797
1797
1797
1797
1797
1797
1797
1800
1800
1800
1800
1800
1801
1800
1801
1802
1801
1802
1802
1801
1804
1803
1803
1805
1804
1805
1804
1804
1804
1809
1809
1809
1809
1810
1810
1810
1810
1810
1810
1810
1813
1813
1814
1814
1814
1816
1817
1819
1820
1820
1820
1821
1823
1821
1825
1829
1825
1826
1826
1827
1826
1827
1830
1832
1834
1835
1837
1839
1839
1839
1839
1839
1839
1839
1839
1839
1839
1839
1843
1842
1844
1845
1844
1843
1844
1845
1844
1847
1843
1841
1842
1841
1841
1839
1835
1837
1838
1832
1835
1835
1837
1838
1838
1839
1841
1843
1843
1845
1848
1848
1848
1850
1852
1853
1855
1857
1859
1859
1860
1860
1864
1861
1864
1864
1860
1857
1862
1860
1861
1860
1859
1859
1857
1857
1855
1855
1851
1852
1848
1850
1850
1851
1852
1855
1853
1853
1853
1855
1855
1857
1857
1859
1857
1859
1859
1860
1860
1862
1862
1864
1867
1867
1867
1870
1870
1870
1873
1878
1878
1879
1878
1879
1878
1880
1880
1880
1880
1880
1882
1882
1880
1880
1880
1878
1880
1876
1876
1873
1871
1873
1871
1870
1870
1870
1870
1869
1867
1867
1868
1867
1868
1866
1866
1866
1866
1868
1866
1866
1868
1868
1866
1868
1868
1868
1869
1868
1869
1869
1870
1870
1871
1871
1873
1875
1876
1877
1876
1877
1876
1876
1876
1875
1873
1875
1870
1870
1870
1869
1866
1864
1866
1866
1864
1860
1862
1857
1860
1857
1857
1857
1857
1857
1859
1857
1857
1857
1857
1857
1857
1857
1857
1857
1855
1855
1857
1857
1857
1857
1857
1859
1860
1860
1861
1862
1862
1864
1867
1867
1866
1864
1869
1868
1868
1868
1868
1869
1869
1869
1870
1868
1867
1867
1867
1864
1862
1864
1861
1861
1860
1860
1860
1860
1860
1859
1861
1859
1859
1859
1859
1857
1857
1855
1857
1855
1855
1855
1854
1853
1854
1853
1852
1852
1852
1852
1852
1853
1852
1851
1851
1852
1852
1852
1852
1854
1857
1857
1857
1857
1860
1860
1860
1860
1860
1861
1862
1862
1863
1863
1863
1863
1863
1862
1863
1864
1863
1863
1864
1863
1863
1864
1860
1862
1860
1860
1857
1857
1857
1857
1855
1855
1855
1854
1855
1854
1853
1853
1853
1852
1852
1852
1853
1853
1853
1853
1853
1852
1853
1852
1853
1854
1854
1854
1855
1855
1855
1854
1855
1855
1855
1857
1859
1860
1860
1860
1860
1860
1861
1861
1862
1862
1863
1862
1864
1863
1862
1863
1863
1863
1862
1863
1863
1862
1863
1863
1863
1862
1861
1863
1861
1861
1861
1861
1860
1860
1860
1860
1859
1859
1857
1857
1857
1857
1857
1857
1857
1855
1855
1855
1855
1857
1857
1857
1857
1857
1859
1859
1861
1859
1860
1861
1860
1860
1860
1861
1860
1860
1861
1861
1860
1861
1861
1861
1860
1860
1861
1860
1860
1860
1860
1860
1860
1859
1859
1860
1860
1860
1861
1860
1861
1863
1863
1863
1863
1863
1862
1863
1863
1861
1862
1863
1862
1862
1863
1862
1862
1862
1862
1862
1861
1862
1861
1862
1861
1861
1861
1861
1860
1860
1860
1860
1860
1860
1859
1860
1860
1860
1859
1860
1857
1859
1860
1857
1857
1859
1857
1857
1857
1855
1855
1855
1855
1855
1855
1855
1855
1854
1855
1853
1854
1854
1854
1853
1854
1853
1855
1853
1854
1855
1854
1854
1854
1853
1854
1854
1854
1854
1854
1853
1853
1852
1852
1852
1853
1851
1851
1850
1850
1850
1848
1848
1847
1848
1848
1846
1846
1846
1846
1845
1844
1845
1844
1844
1844
1844
1844
1844
1844
1843
1843
1843
1843
1843
1843
1843
1844
1844
1843
1844
1844
1845
1845
1847
1846
1847
1850
1850
1850
1850
1851
1851
1852
1851
1854
1854
1855
1855
1854
1857
1857
1857
1855
1857
1855
1855
1855
1859
1857
1857
1855
1855
1857
1857
1857
1857
1855
1855
1855
1855
1854
1855
1855
1854
1854
1854
1854
1852
1852
1851
1851
1850
1850
1848
1848
1848
1847
1848
1847
1847
1847
1848
1846
1848
1847
1847
1848
1848
1847
1848
1848
1850
1850
1851
1851
1851
1852
1854
1853
1854
1854
1851
1854
1854
1853
1853
1854
1854
1853
1853
1853
1853
1853
1852
1853
1853
1853
1853
1851
1852
1852
1852
1850
1852
1852
1850
1851
1850
1848
1848
1848
1848
1848
1848
1850
1848
1848
1850
1848
1850
1848
1848
1850
1853
1848
1848
1848
1851
1853
1851
1851
1852
1852
1852
1851
1852
1851
1852
1851
1851
1852
1851
1851
1852
1851
1850
1852
1851
1851
1852
1852
1852
1860
1860
1861
1861
1860
1862
1862
1862
1862
1862
1863
1864
1864
1868
1868
1870
1870
1868
1871
1870
1871
1872
1872
1873
1872
1873
1873
1873
1876
1872
1872
1870
1870
1870
1870
1868
1866
1864
1862
1864
1861
1860
1860
1855
1860
1855
1860
1860
1860
1860
1860
1860
1860
1860
1860
1860
1861
1861
1862
1864
1864
1864
1864
1864
1864
1864
1866
1866
1868
1868
1866
1864
1866
1866
1867
1867
1868
1868
1870
1871
1872
1872
1873
1873
1873
1873
1873
1875
1873
1875
1873
1873
1876
1870
1873
1873
1870
1870
1869
1870
1870
1872
1868
1868
1867
1866
1867
1864
1868
1864
1866
1866
1867
1866
1866
1866
1866
1866
1867
1867
1867
1868
1868
1869
1870
1870
1870
1870
1870
1870
1870
1870
1870
1869
1870
1870
1870
1869
1869
1870
1870
1870
1870
1871
1870
1870
1869
1868
1869
1869
1869
1868
1868
1867
1867
1867
1867
1866
1866
1866
1866
1864
1866
1866
1864
1866
1864
1864
1864
1864
1864
1864
1864
1863
1863
1862
1862
1863
1860
1860
1857
1857
1857
1855
1857
1855
1855
1857
1855
1855
1857
1857
1857
1857
1857
1860
1860
1862
1863
1863
1863
1862
1861
1862
1863
1863
1862
1862
1863
1863
1864
1864
1862
1862
1861
1862
1862
1863
1862
1862
1861
1862
1860
1860
1860
1860
1861
1861
1861
1860
1860
1860
1859
1857
1857
1857
1859
1859
1857
1859
1859
1859
1857
1857
1857
1857
1857
1857
1857
1857
1857
1857
1857
1857
1857
1857
1857
1857
1857
1857
1857
1857
1857
1855
1857
1857
1855
1857
1857
1857
1857
1857
1857
1857
1857
1855
1857
1855
1857
1857
1857
1857
1857
1857
1857
1857
1857
1855
1857
1855
1855
1855
1855
1855
1855
1855
1854
1855
1854
1855
1853
1853
1853
1853
1853
1853
1852
1853
1853
1854
1855
1853
1857
1853
1855
1855
1854
1854
1855
1854
1855
1857
1855
1855
1857