1603
1607
1605
1605
1616
1610
1601
1603
1614
1605
1604
1607
1605
1607
1604
1600
1610
1610
1604
1605
1600
1604
1607
1605
1604
1601
1605
1605
1604
1610
1607
1609
1612
1618
1617
1617
1619
1620
1622
1618
1625
1622
1622
1620
1623
1618
1621
1619
1614
1611
1614
1619
1620
1614
1619
1620
1619
1616
1620
1621
1619
1622
1623
1623
1623
1625
1625
1622
1625
1635
1635
1635
1638
1639
1638
1639
1644
1644
1641
1642
1647
1639
1639
1638
1639
1629
1630
1628
1635
1629
1625
1626
1629
1630
1635
1639
1632
1641
1636
1638
1639
1639
1639
1641
1639
1642
1639
1641
1641
1644
1639
1639
1632
1636
1630
1630
1625
1626
1623
1620
1625
1628
1626
1628
1626
1629
1625
1629
1632
1632
1632
1635
1638
1638
1637
1641
1641
1645
1642
1648
1648
1647
1646
1642
1647
1643
1639
1639
1637
1637
1637
1637
1635
1637
1637
1630
1635
1635
1637
1637
1636
1636
1632
1637
1638
1638
1645
1645
1645
1644
1645
1647
1646
1648
1650
1648
1653
1654
1659
1654
1655
1659
1650
1648
1648
1648
1639
1639
1645
1635
1630
1630
1636
1636
1630
1627
1638
1630
1632
1630
1630
1634
1634
1634
1632
1630
1641
1639
1635
1630
1630
1630
1630
1630
1629
1622
1625
1620
1619
1614
1611
1610
1605
1616
1611
1599
1597
1600
1595
1595
1600
1600
1600
1600
1600
1601
1603
1603
1603
1605
1604
1614
1610
1614
1609
1612
1607
1610
1610
1607
1610
1607
1607
1600
1600
1600
1603
1600
1599
1598
1599
1593
1591
1590
1591
1590
1587
1591
1583
1588
1590
1590
1588
1588
1591
1591
1593
1600
1600
1600
1600
1604
1601
1607
1605
1609
1607
1604
1605
1612
1612
1610
1605
1607
1605
1602
1600
1605
1598
1612
1601
1611
1611
1605
1605
1609
1610
1605
1605
1610
1605
1607
1605
1610
1607
1607
1607
1610
1612
1612
1614
1612
1612
1616
1617
1617
1617
1616
1618
1619
1620
1620
1620
1620
1620
1617
1627
1625
1621
1616
1619
1621
1623
1620
1616
1618
1617
1614
1619
1617
1614
1614
1616
1618
1616
1614
1614
1616
1617
1616
1614
1616
1620
1620
1619
1626
1625
1626
1630
1630
1630
1638
1637
1648
1642
1639
1639
1648
1639
1648
1648
1647
1639
1639
1639
1638
1645
1639
1645
1639
1645
1639
1644
1644
1644
1642
1645
1644
1642
1642
1642
1642
1644
1642
1642
1642
1643
1642
1642
1639
1642
1642
1642
1643
1643
1645
1643
1646
1645
1645
1646
1646
1652
1652
1652
1660
1660
1663
1670
1678
1680
1689
1688
1688
1707
1709
1705
1700
1700
1701
1689
1688
1680
1680
1679
1675
1680
1670
1680
1680
1675
1675
1671
1675
1675
1679
1679
1679
1680
1686
1694
1705
1700
1700
1693
1694
1689
1689
1689
1686
1689
1689
1684
1680
1680
1680
1684
1684
1684
1687
1688
1685
1685
1680
1684
1685
1680
1680
1682
1680
1676
1670
1667
1666
1667
1664
1667
1666
1667
1667
1668
1669
1675
1670
1677
1677
1675
1675
1679
1678
1677
1672
1679
1675
1677
1678
1682
1677
1680
1682
1685
1679
1684
1682
1682
1680
1680
1679
1680
1679
1678
1679
1678
1678
1678
1675
1675
1677
1675
1673
1673
1676
1673
1671
1671
1673
1672
1673
1672
1672
1672
1673
1673
1672
1672
1672
1672
1672
1669
1670
1669
1670
1670
1672
1671
1673
1672
1675
1675
1680
1682
1684
1685
1685
1694
1695
1694
1695
1696
1698
1694
1695
1686
1687
1687
1687
1685
1680
1680
1679
1679
1680
1678
1675
1672
1672
1675
1670
1670
1669
1673
1670
1675
1671
1675
1675
1675
1675
1679
1680
1680
1679
1680
1680
1679
1679
1682
1675
1682
1680
1680
1680
1680
1682
1676
1680
1679
1675
1675
1670
1675
1670
1670
1668
1669
1668
1668
1664
1664
1664
1664
1660
1660
1661
1659
1660
1655
1657
1657
1660
1657
1657
1657
1657
1657
1655
1657
1657
1655
1650
1650
1650
1650
1648
1650
1648
1646
1648
1648
1650
1648
1650
1648
1650
1650
1650
1650
1648
1655
1655
1654
1655
1655
1655
1655
1655
1655
1655
1655
1657
1655
1655
1659
1657
1662
1662
1664
1660
1657
1657
1659
1659
1660
1664
1664
1657
1657
1657
1657
1662
1660
1657
1661
1657
1660
1660
1659
1657
1654
1655
1657
1653
1653
1657
1652
1655
1655
1653
1652
1650
1650
1650
1646
1648
1648
1645
1645
1645
1639
1638
1638
1639
1638
1638
1638
1639
1645
1645
1645
1645
1650
1645
1645
1642
1645
1646
1650
1651
1652
1650
1651
1652
1652
1657
1655
1657
1659
1660
1662
1662
1661
1663
1666
1668
1666
1679
1679
1675
1675
1673
1675
1669
1671
1668
1669
1664
1666
1671
1668
1670
1669
1668
1670
1668
1666
1667
1668
1666
1666
1667
1666
1661
1667
1661
1666
1664
1662
1664
1664
1664
1667
1667
1666
1664
1668
1668
1667
1668
1669
1669
1670
1678
1682
1680
1685
1687
1688
1688
1686
1688
1689
1688
1689
1688
1686
1688
1687
1686
1686
1692
1686
1689
1687
1688
1686
1684
1680
1680
1679
1679
1679
1677
1679
1677
1671
1670
1672
1679
1679
1679
1677
1680
1680
1686
1691
1698
1700
1698
1698
1700
1700
1700
1704
1705
1705
1698
1700
1698
1698
1698
1698
1694
1694
1695
1692
1695
1692
1691
1694
1689
1689
1689
1686
1691
1691
1689
1686
1689
1689
1689
1689
1689
1689
1686
1688
1689
1689
1689
1691
1689
1689
1697
1700
1698
1698
1700
1698
1698
1700
1700
1698
1698
1698
1695
1695
1695
1689
1694
1695
1689
1695
1693
1695
1689
1691
1691
1694
1691
1689
1695
1696
1696
1689
1695
1694
1700
1700
1700
1697
1704
1703
1703
1704
1703
1704
1694
1703
1709
1705
1710
1712
1709
1710
1710
1707
1707
1707
1705
1700
1700
1704
1700
1691
1689
1691
1695
1693
1695
1698
1693
1691
1691
1692
1691
1695
1698
1698
1698
1698
1701
1704
1703
1702
1704
1701
1700
1705
1705
1707
1705
1707
1705
1705
1707
1707
1707
1705
1705
1705
1705
1705
1705
1705
1705
1705
1707
1707
1707
1710
1707
1707
1705
1707
1709
1705
1705
1707
1707
1705
1704
1705
1707
1704
1713
1707
1700
1701
1707
1704
1701
1707
1705
1705
1702
1701
1702
1704
1702
1703
1705
1702
1702
1704
1702
1702
1700
1696
1698
1698
1693
1700
1701
1700
1702
1701
1704
1703
1703
1705
1705
1705
1705
1705
1707
1705
1707
1707
1707
1707
1707
1707
1707
1710
1705
1709
1709
1710
1707
1709
1710
1709
1709
1710
1710
1710
1714
1714
1718
1714
1729
1723
1722
1730
1729
1729
1727
1729
1727
1729
1723
1723
1726
1726
1722
1722
1722
1722
1722
1720
1720
1720
1710
1710
1705
1705
1705
1705
1705
1705
1705
1705
1704
1705
1704
1704
1704
1704
1701
1701
1704
1705
1709
1705
1704
1711
1710
1711
1714
1714
1711
1714
1714
1714
1710
1710
1710
1710
1709
1705
1705
1705
1702
1702
1702
1700
1698
1696
1695
1693
1689
1689
1689
1689
1687
1686
1689
1689
1688
1686
1687
1689
1689
1689
1689
1692
1693
1698
1693
1700
1698
1698
1700
1700
1698
1700
1704
1701
1703
1704
1700
1700
1700
1698
1698
1695
1695
1695
1694
1694
1692
1691
1691
1692
1691
1691
1691
1689
1689
1689
1692
1688
1688
1688
1689
1689
1688
1688
1689
1688
1689
1689
1691
1691
1691
1691
1692
1692
1692
1692
1696
1696
1698
1695
1695
1695
1698
1698
1698
1698
1698
1698
1698
1698
1698
1700
1700
1701
1698
1698
1696
1697
1705
1705
1707
1707
1707
1700
1700
1700
1698
1700
1700
1698
1700
1698
1696
1695
1697
1694
1696
1695
1693
1695
1696
1696
1695
1696
1691
1695
1689
1689
1691
1691
1691
1691
1689
1689
1689
1691
1689
1695
1691
1691
1695
1694
1691
1695
1695
1695
1697
1696
1697
1698
1698
1701
1701
1701
1701
1704
1702
1702
1703
1703
1705
1705
1704
1705
1704
1703
1710
1705
1705
1709
1709
1707
1698
1698
1698
1698
1704
1704
1698
1705
1704
1700
1700
1700
1702
1702
1702
1702
1705
1702
1705
1703
1704
1702
1702
1702
1702
1701
1701
1701
1700
1700
1700
1700
1700
1700
1700
1700
1700
1700
1697
1698
1698
1698
1698
1698
1698
1698
1700
1697
1698
1703
1702
1702
1703
1702
1705
1707
1705
1705
1710
1711
1710
1711
1720
1720
1721
1723
1725
1720
1720
1720
1721
1720
1718
1718
1718
1712
1714
1711
1713
1712
1711
1712
1716
1713
1711
1713
1713
1713
1713
1710
1710
1710
1710
1703
1709
1709
1707
1704
1707
1707
1704
1704
1709
1707
1701
1707
1701
1701
1707
1704
1701
1702
1703
1703
1698
1698
1698
1698
1698
1698
1698
1698
1698
1698
1698
1698
1698
1698
1696
1698
1695
1695
1697
1697
1696
1696
1698
1698
1697
1698
1698
1697
1698
1697
1698
1698
1698
1700
1700
1705
1705
1707
1709
1709
1709
1709
1709
1710
1710
1709
1712
1712
1712
1712
1712
1712
1712
1712
1712
1711
1711
1705
1705
1705
1704
1702
1704
1702
1704
1701
1697
1696
1697
1697
1697
1697
1697
1693
1697
1696
1696
1695
1697
1700
1700
1700
1700
1700
1701
1701
1709
1709
1709
1711
1710
1702
1710
1711
1703
1705
1709
1710
1700
1700
1700
1700
1700
1698
1698
1698
1698
1700
1700
1700
1700
1701
1701
1701
1701
1711
1705
1709
1709
1709
1709
1710
1710
1710
1710
1711
1712
1713
1714
1713
1714
1720
1720
1720
1720
1719
1719
1720
1714
1720
1721
1721
1722
1721
1722
1714
1720
1721
1713
1713
1713
1713
1718
1714
1714
1714
1714
1714
1714
1718
1718
1718
1718
1720
1721
1721
1721
1720
1720
1720
1720
1721
1722
1720
1720
1720
1723
1721
1720
1720
1722
1720
1720
1722
1720
1719
1719
1720
1721
1722
1721
1719
1719
1719
1718
1716
1720
1720
1721
1721
1720
1720
1720
1722
1722
1722
1723
1722
1722
1722
1721
1721
1722
1722
1720
1721
1722
1721
1722
1721
1722
1721
1721
1720
1720
1720
1721
1720
1719
1720
1719
1719
1720
1718
1720
1719
1720
1717
1717
1717
1717
1716
1717
1716
1716
1717
1717
1717
1718
1721
1718
1722
1720
1714
1722
1723
1720
1720
1720
1717
1713
1714
1714
1710
1707
1705
1701
1700
1700
1698
1698
1698
1696
1695
1695
1691
1689
1693
1695
1691
1695
1693
1692
1691
1693
1689
1691
1689
1691
1689
1689
1689
1689
1689
1691
1689
1689
1691
1691
1689
1693
1689
1689
1689
1689
1689
1689
1689
1689
1688
1688
1688
1685
1684
1684
1679
1677
1680
1676
1678
1680
1682
1682
1682
1685
1682
1684
1680
1680
1680
1682
1680
1680
1680
1685
1685
1682
1686
1680
1680
1680
1679
1675
1670
1671
1671
1670
1670
1668
1670
1670
1670
1661
1667
1663
1662
1668
1664
1663
1668
1666
1667
1667
1673
1671
1673
1673
1673
1677
1680
1678
1678
1678
1678
1678
1678
1678
1684
1679
1670
1685
1680
1682
1679
1678
1679
1679
1671
1678
1676
1676
1676
1670
1670
1670
1668
1670
1670
1669
1664
1668
1666
1664
1664
1663
1666
1668
1670
1667
1670
1670
1670
1671
1668
1676
1675
1668
1668
1675
1676
1668
1672
1668
1676
1675
1667
1676
1676
1675
1672
1672
1672
1672
1668
1662
1660
1660
1657
1657
1655
1655
1654
1655
1653
1655
1653
1650
1651
1660
1651
1653
1657
1660
1662
1654
1660
1662
1660
1660
1660
1660
1657
1657
1660
1660
1660
1660
1660
1657
1657
1650
1650
1650
1648
1647
1639
1639
1639
1639
1635
1639
1636
1639
1635
1637
1639
1635
1634
1639
1637
1647
1639
1639
1639
1647
1647
1648
1648
1647
1647
1645
1647
1648
1648
1647
1648
1645
1642
1642
1642
1645
1647
1648
1648
1647
1648
1647
1647
1648
1648
1648
1650
1650
1650
1650
1650
1650
1650
1657
1653
1650
1650
1652
1650
1650
1650
1647
1647
1646
1650
1647
1648
1645
1643
1648
1648
1648
1645
1645
1648
1646
1648
1648
1648
1648
1648
1648
1648
1650
1650
1650
1650
1650
1650
1650
1650
1655
1655
1655
1655
1657
1657
1657
1657
1657
1655
1660
1660
1657
1657
1657
1657
1650
1650
1648
1650
1650
1647
1646
1650
1650
1645
1645
1648
1646
1648
1647
1647
1648
1646
1648
1645
1645
1647
1648
1650
1648
1647
1647
1647
1648
1650
1648
1647
1648
1648
1647
1648
1650
1648
1648
1648
1648
1650
1650
1650
1650
1650
1650
1650
1650
1650
1650
1650
1651
1652
1652
1655
1652
1655
1655
1655
1655
1655
1657
1657
1657
1655
1655
1650
1655
1654
1650
1650
1650
1650
1650
1650
1650
1648
1650
1650
1648
1648
1648
1647
1648
1648
1648
1648
1648
1648
1648
1648
1648
1648
1650
1648
1648
1650
1650
1650
1648
1648
1650
1650
1650
1650
1650
1650
1650
1650
1651
1650
1650
1650
1650
1650
1648
1648
1648
1648
1639
1643
1647
1639
1639
1639
1639
1635
1630
1630
1630
1628
1630
1630
1625
1625
1620
1625
1627
1626
1619
1619
1619
1619
1620
1620
1616
1620
1621
1620
1620
1619
1620
1617
1619
1620
1619
1620
1620
1619
1620
1620
1622
1625
1620
1625
1625
1625
1625
1627
1627
1628
1627
1630
1630
1629
1629
1630
1630
1630
1635
1636
1630
1632
1636
1635
1636
1630
1630
1634
1639
1639
1639
1639
1639
1639
1632
1639
1639
1639
1639
1638
1639
1639
1639
1632
1638
1639
1630
1630
1630
1629
1630
1630
1628
1627
1626
1627
1630
1625
1625
1630
1630
1630
1629
1629
1627
1630
1625
1630
1630
1630
1630
1635
1630
1630
1632
1635
1635
1636
1637
1637
1639
1639
1639
1639
1639
1645
1639
1639
1647
1639
1645
1645
1645
1645
1645
1645
1646
1645
1645
1645
1645
1645
1646
1645
1645
1645
1645
1645
1645
1644
1644
1644
1644
1642
1644
1639
1639
1639
1639
1639
1639
1639
1639
1637
1639
1639
1639
1639
1639
1639
1639
1645
1642
1645
1639
1639
1639
1639
1639
1639
1639
1639
1641
1639
1639
1639
1639
1639
1639
1639
1639
1639
1639
1639
1639
1639
1644
1641
1641
1639
1644
1644
1644
1644
1642
1643
1639
1639
1639
1639
1639
1639
1639
1639
1639
1639
1639
1639
1638
1638
1638
1639
1638
1639
1638
1638
1639
1638
1639
1638
1639
1639
1639
1638
1639
1639
1639
1639
1639
1639
1639
1639
1639
1639
1639
1639
1639
1639
1639
1639
1639
1639
1639
1639
1639
1639
1639
1639
1639
1639
1639
1639
1639
1639
1639
1639
1639
1639
1639
1639
1639
1639
1639
1639
1639
1639
1639
1639
1639
1639
1639
1639
1639
1639
1639
1639
1639
1639
1639
1639
1639
1639
1639
1639
1639
1639
1639
1639
1639
1639
1639
1639
1639
1639
1639
1639
1639
1639
1639
1639
1639
1639
1639
1639
1639
1639
1639
1639
1639
1639
1639
1639
1639
1639
1639
1639
1639
1639
1639
1639
1639
1639
1639
1639
1639
1639
1639
1639
1639
1639
1639
1639
1639
1639
1639
1639
1639
1639
1639
1639
1639
1639
1639
1639
1639
1639
1639
1639
1639
1639
1639
1639
1639
1639
1639
1639
1639
1639
1639
1639
1639
1639
1639
1639
1639
1639
1639
1639
1639
1639
1639
1639
1639
1639
1639
1639
1639
1639
1639
1639
1639
1639
1639
1639
1639
1639
1639
1639
1639
1639
1639
1639
1639
1639
1639
1639
1639
1639
1639
1639
1639
1639
1639
1639
1639
1639
1639
1639
1639
1639
1639
1641
1642
1641
1642
1643
1646
1646
1645
1645
1645
1645
1650
1648
1650
1645
1645
1645
1645
1645
1650
1650
1657
1657
1657
1659
1657
1660
1655
1655
1650
1650
1650
1648
1650
1650
1650
1650
1646
1648
1646
1646
1650
1645
1650
1650
1646
1646
1650
1650
1650
1650
1648
1664
1664
1664
1650
1650
1660
1660
1657
1660
1660
1660
1655
1657
1657
1657
1655
1657
1657
1657
1657
1660
1657
1659
1657
1657
1657
1651
1657
1657
1657
1657
1657
1653
1652
1655
1655
1654
1650
1650
1650
1650
1648
1650
1650
1648
1648
1650
1641
1641
1641
1650
1650
1648
1648
1645
1648
1648
1648
1645
1648
1643
1641
1648
1648
1648
1645
1648
1645
1650
1650
1650
1650
1650
1650
1650
1650
1650
1648
1648
1643
1648
1642
1648
1648
1645
1648
1651
1651
1650
1650
1648
1650
1653
1653
1650
1655
1651
1653
1653
1659
1659
1655
1655
1655
1654
1659
1660
1655
1660
1659
1659
1655
1655
1655
1655
1659
1657
1655
1655
1655
1655
1655
1650
1650
1650
1655
1660
1660
1655
1655
1650
1654
1657
1657
1657
1651
1654
1655
1657
1662
1660
1660
1657
1655
1657
1660
1662
1651
1660
1660
1657
1657
1657
1657
1657
1657
1659
1660
1657
1659
1655
1654
1654
1650
1650
1654
1655
1651
1650
1650
1654
1654
1650
1650
1650
1650
1650
1650
1648
1650
1648
1650
1650
1654
1654
1650
1648
1650
1650
1650
1650
1648
1650
1650
1650
1650
1648
1648
1650
1650
1648
1650
1650
1653
1657
1657
1657
1660
1659
1660
1660
1660
1660
1660
1659
1660
1660
1660
1660
1659
1660
1660
1660
1660
1660
1660
1660
1659
1660
1662
1662
1660
1657
1662
1662
1662
1662
1662
1664
1664
1662
1662
1660
1661
1662
1662
1662
1660
1660
1660
1661
1660
1660
1661
1661
1662
1661
1661
1661
1661
1661
1661
1662
1660
1660
1660
1660
1660
1660
1657
1657
1657
1657
1657
1657
1655
1655
1657
1657
1655
1655
1655
1655
1655
1655
1655
1655
1654
1654
1653
1653
1653
1654
1654
1654
1652
1651
1653
1653
1652
1653
1662
1662
1664
1664
1664
1664
1664
1664
1667
1664
1668
1668
1668
1668
1668
1669
1668
1670
1670
1672
1671
1672
1675
1675
1675
1675
1675
1672
1673
1672
1672
1671
1672
1670
1670
1670
1669
1670
1664
1664
1670
1670
1670
1670
1670
1670
1664
1666
1664
1664
1666
1666
1666
1668
1668
1667
1668
1664
1668
1668
1667
1667
1667
1664
1668
1667
1667
1664
1668
1668
1668
1668
1667
1667
1664
1667
1667
1664
1667
1667
1664
1667
1667
1667
1664
1664
1664
1664
1664
1667
1666
1664
1666
1660
1664
1667
1664
1664
1664
1660
1660
1660
1657
1657
1659
1657
1657
1657
1652
1653
1657
1653
1648
1653
1653
1650
1650
1650
1648
1650
1648
1648
1650
1650
1650
1650
1652
1652
1648
1650
1650
1650
1648
1650
1648
1647
1647
1647
1648
1646
1646
1648
1648
1647
1644
1643
1643
1643
1641
1639
1639
1639
1638
1638
1639
1632
1638
1636
1635
1638
1635
1637
1637
1638
1638
1638
1637
1641
1639
1639
1639
1639
1639
1642
1642
1644
1645
1644
1645
1645
1644
1644
1646
1646
1646
1648
1639
1639
1650
1650
1650
1648
1650
1650
1650
1645
1645
1650
1650
1646
1648
1646
1648
1648
1646
1648
1648
1648
1648
1648
1647
1648
1648
1648
1648
1647
1648
1648
1648
1648
1650
1650
1650
1648
1648
1650
1648
1648
1648
1650
1650
1650
1648
1650
1648
1650
1648
1650
1650
1650
1651
1654
1654
1651
1654
1652
1654
1651
1655
1655
1655
1655
1655
1655
1655
1655
1655
1653
1655
1655
1654
1655
1653
1655
1654
1654
1653
1654
1655
1655
1654
1655
1655
1655
1655
1655
1655
1655
1655
1657
1655
1657
1657
1657
1657
1657
1657
1655
1657
1657
1657
1657
1657
1657
1657
1659
1657
1659
1659
1659
1657
1657
1657
1657
1657
1659
1659
1659
1657
1657
1657
1657
1657
1657
1655
1657
1657
1657
1657
1655
1657
1657
1655
1657
1655
1657
1655
1657
1657
1657
1655
1650
1650
1657
1657
1657
1657
1657
1657
1655
1657
1657
1655
1655
1655
1655
1655
1652
1655
1655
1655
1655
1652
1652
1654
1652
1654
1651
1650
1650
1652
1651
1650
1650
1650
1650
1650
1648
1650
1650
1650
1651
1650
1648
1648
1650
1650
1650
1650
1648
1648
1648
1648
1648
1648
1648
1648
1648
1648
1650
1648
1647
1648
1650
1646
1646
1646
1648
1646
1646
1646
1645
1645
1645
1645
1645
1643
1644
1643
1646
1650
1650
1659
1660
1651
1663
1668
1669
1668
1670
1672
1668
1673
1675
1671
1672
1672
1670
1670
1668
1661
1660
1667
1660
1667
1659
1663
1660
1660
1660
1664
1664
1664
1664
1662
1664
1664
1664
1666
1664
1664
1664
1664
1664
1663
1663
1664
1664
1664
1664
1664
1664
1664
1667
1664
1666
1664
1668
1668
1668
1664
1669
1664
1670
1671
1670
1670
1670
1670
1670
1670
1669
1671
1671
1671
1672
1673
1673
1675
1676
1676
1676
1673
1677
1676
1677
1678
1678
1678
1679
1680
1680
1682
1684
1684
1684
1684
1688
1688
1689
1685
1685
1680
1680
1676
1680
1676
1676
1676
1676
1675
1675
1675
1675
1675
1675
1675
1675
1675
1675
1675
1675
1675
1673
1673
1670
1670
1673
1668
1670
1666
1666
1666
1664
1667
1664
1663
1668
1666
1666
1668
1668
1670
1669
1670
1670
1670
1670
1670
1670
1670
1670
1673
1670
1670
1673
1670
1670
1670
1670
1670
1664
1664
1669
1673
1675
1673
1670
1670
1670
1670
1670
1673
1670
1673
1676
1671
1673
1673
1673
1666
1666
1664
1660
1660
1650
1650
1646
1645
1646
1648
1643
1643
1650
1650
1650
1650
1648
1648
1650
1646
1647
1647
1647
1646
1647
1647
1645
1645
1645
1646
1646
1645
1645
1647
1648
1647
1648
1648
1648
1650
1650
1648
1650
1650
1650
1650
1650
1655
1650
1655
1651
1655
1655
1655
1657
1657
1657
1660
1659
1660
1660
1660
1666
1666
1666
1670
1669
1669
1669
1670
1669
1669
1666
1664
1664
1664
1664
1657
1662
1663
1660
1660
1660
1660
1657
1661
1657
1657
1655
1657
1657
1657
1655
1655
1651
1652
1655
1654
1651
1651
1654
1654
1654
1657
1655
1654
1655
1657
1655
1657
1657
1657
1655
1655
1657
1655
1657
1657
1657
1657
1660
1660
1660
1661
1662
1662
1662
1664
1661
1662
1664
1664
1664
1666
1666
1664
1664
1664
1666
1666
1667
1664
1664
1664
1664
1664
1664
1663
1664
1660
1660
1660
1660
1657
1657
1655
1654
1653
1652
1653
1650
1650
1648
1650
1650
1648
1650
1648
1647
1648
1648
1650
1648
1650
1648
1650
1650
1650
1650
1650
1652
1654
1651
1651
1652
1652
1652
1655
1655
1655
1655
1657
1657
1657
1657
1657
1657
1657
1659
1660
1660
1664
1664
1664
1664
1666
1664
1661
1668
1664
1669
1664
1668
1668
1668
1669
1669
1673
1673
1673
1680
1680
1684
1685
1686
1685
1686
1685
1685
1686
1682
1684
1680
1680
1684
1680
1680
1680
1679
1679
1673
1673
1673
1673
1672
1672
1670
1670
1673
1670
1669
1669
1670
1670
1670
1669
1672
1670
1670
1669
1670
1669
1670
1670
1671
1670
1671
1670
1670
1670
1670
1670
1671
1671
1671
1673
1672
1673
1672
1672
1673
1673
1675
1673
1673
1676
1675
1675
1675
1675
1675
1675
1673
1677
1679
1678
1679
1676
1677
1676
1675
1675
1675
1670
1670
1672
1670
1673
1670
1670
1673
1671
1671
1672
1672
1671
1672
1671
1671
1671
1670
1670
1670
1668
1670
1670
1669
1668
1668
1668
1668
1668
1668
1668
1668
1668
1667
1667
1667
1668
1666
1666
1666
1664
1664
1664
1666
1666
1666
1666
1663
1664
1666
1666
1667
1667
1668
1668
1669
1668
1668
1669
1669
1669
1669
1669
1669
1668
1668
1669
1669
1669
1670
1670
1671
1675
1678
1679
1679
1678
1679
1678
1678
1678
1678
1678
1678
1677
1677
1677
1676
1676
1675
1676
1673
1676
1676
1676
1673
1673
1677
1676
1673
1676
1677
1677
1677
1677
1677
1678
1678
1678
1679
1679
1679
1678
1680
1679
1680
1685
1684
1685
1685
1686
1689
1694
1694
1695
1698
1700
1705
1705
1705
1705
1707
1707
1707
1707
1707
1707
1707
1705
1694
1700
1704
1700
1700
1700
1703
1700
1691
1691
1691
1700
1691
1700
1691
1700
1700
1696
1696
1700
1700
1700
1700
1700
1703
1705
1705
1705
1707
1707
1707
1707
1707
1709
1709
1707
1707
1707
1700
1700
1700
1700
1700
1691
1698
1698
1692
1700
1698
1689
1689
1697
1697
1700
1694
1694
1698
1698
1695
1695
1695
1695
1695
1694
1691
1691
1689
1691
1692
1694
1694
1694
1694
1694
1695
1689
1689
1691
1694
1689
1685
1693
1691
1696
1695
1688
1689
1689
1689
1688
1695
1695
1695
1695
1689
1689
1689
1689
1689
1689
1688
1689
1689
1687
1688
1689
1689
1689
1689
1689
1689
1689
1689
1689
1689
1691
1691
1693
1689
1689
1689
1689
1689
1689
1689
1688
1688
1689
1689
1689
1689
1689
1689
1693
1691
1695
1695
1693
1697
1697
1698
1698
1700
1698
1700
1704
1701
1707
1707
1707
1707
1709
1709
1707
1707
1709
1707
1709
1710
1709
1709
1709
1709
1710
1709
1709
1707
1707
1707
1707
1705
1707
1707
1705
1705
1705
1702
1700
1705
1700
1700
1701
1701
1702
1698
1701
1705
1701
1701
1702
1703
1702
1701
1701
1701
1700
1702
1703
1703
1703
1704
1701
1704
1703
1703
1704
1704
1704
1703
1704
1703
1702
1701
1703
1703
1701
1702
1701
1702
1700
1701
1701
1698
1698
1700
1700
1698
1700
1698
1698
1698
1698
1689
1689
1689
1689
1688
1689
1688
1689
1689
1688
1687
1687
1685
1687
1687
1685
1685
1684
1685
1684
1682
1684
1685
1685
1685
1685
1688
1687
1685
1685
1689
1686
1686
1696
1697
1695
1695
1695
1695
1695
1689
1695
1696
1695
1695
1696
1697
1695
1696
1695
1695
1695
1694
1693
1695
1691
1695
1695
1691
1689
1695
1693
1696
1695
1691
1695
1695
1695
1695
1693
1694
1693
1693
1689
1689
1693
1693
1689
1693
1693
1692
1689
1689
1691
1691
1691
1689
1689
1693
1691
1692
1693
1692
1692
1693
1693
1692
1692
1692
1695
1694
1695
1695
1694
1694
1693
1695
1695
1695
1696
1697
1698
1698
1698
1698
1698
1700
1701
1700
1702
1705
1704
1705
1704
1705
1705
1705
1705
1705
1705
1704
1704
1703
1705
1704
1700
1703
1703
1700
1705
1704
1704
1705
1704
1701
1704
1700
1700
1700
1700
1698
1700
1698
1698
1700
1696
1698
1698
1698
1698
1698
1698
1694
1696
1696
1696
1696
1696
1696
1696
1697
1697
1696
1695
1698
1698
1696
1697
1695
1696
1698
1697
1698
1698
1703
1703
1703
1703
1705
1714
1730
1730
1730
1723
1730
1730
1730
1730
1730
1730
1730
1730
1730
1730
1730
1735
1732
1732
1732
1739
1739
1739
1739
1739
1736
1739
1739
1739
1739
1739
1732
1734
1734
1734
1736
1734
1732
1732
1736
1735
1732
1734
1735
1735
1732
1734
1735
1737
1734
1734
1734
1735
1734
1734
1735
1736
1737
1737
1738
1739
1737
1735
1737
1738
1738
1738
1736
1732
1737
1735
1737
1734
1732
1736
1735
1735
1730
1730
1730
1730
1729
1726
1730
1730
1729
1726
1726
1730
1730
1727
1729
1730
1730
1734
1725
1732
1734
1734
1734
1734
1730
1732
1732
1730
1730
1730
1730
1730
1730
1729
1729
1729
1729
1730
1725
1730
1725
1723
1720
1722
1723
1725
1720
1720
1720
1720
1720
1720
1720
1720
1721
1720
1725
1728
1726
1726
1725
1729
1730
1730
1732
1732
1732
1734
1736
1735
1737
1737
1738
1736
1739
1743
1743
1745
1743
1744
1744
1739
1745
1744
1744
1745
1745
1732
1744
1744
1741
1736
1739
1738
1736
1736
1737
1739
1739
1739
1726
1736
1739
1737
1735
1730
1730
1727
1730
1728
1730
1720
1720
1720
1720
1720
1714
1720
1721
1720
1722
1720
1726
1730
1713
1712
1719
1729
1720
1720
1718
1720
1713
1720
1720
1718
1711
1714
1717
1716
1705
1714
1714
1710
1710
1710
1710
1705
1705
1702
1705
1705
1710
1705
1710
1711
1705
1713
1711
1711
1714
1714
1714
1717
1714
1717
1714
1718
1718
1718
1718
1717
1720
1718
1718
1719
1717
1718
1718
1714
1718
1714
1700
1717
1717
1712
1712
1714
1712
1711
1714
1712
1710
1701
1710
1710
1710
1705
1703
1705
1700
1700
1700
1700
1698
1700
1700
1700
1700
1700
1700
1701
1701
1701
1695
1695
1695
1695
1700
1695
1701
1696
1700
1705
1700
1698
1698
1698
1698
1697
1698
1698
1698
1698
1698
1698
1698
1700
1700
1700
1700
1703
1710
1705
1710
1710
1705
1710
1709
1709
1710
1710
1710
1710
1712
1711
1711
1711
1711
1712
1712
1712
1710
1712
1712
1710
1710
1707
1709
1710
1705
1707
1709
1705
1705
1704
1704
1704
1704
1703
1704
1704
1705
1700
1700
1700
1698
1698
1698
1695
1700
1700
1698
1698
1698
1695
1698
1695
1696
1694
1694
1692
1693
1693
1692
1692
1693
1692
1692
1692
1689
1695
1693
1694
1695
1695
1696
1696
1696
1696
1696
1697
1695
1697
1693
1696
1696
1697
1698
1697
1696
1696
1697
1697
1696
1697
1696
1698
1700
1702
1702
1705
1700
1700
1701
1705
1705
1705
1705
1705
1700
1707
1700
1705
1700
1707
1705
1707
1701
1705
1705
1703
1705
1705
1705
1705
1707
1704
1705
1705
1705
1705
1705
1705
1703
1703
1703
1705
1705
1705
1703
1703
1703
1703
1700
1700
1700
1698
1698
1697
1698
1698
1698
1698
1702
1700
1700
1700
1701
1700
1701
1700
1702
1702
1703
1701
1702
1702
1702
1702
1702
1702
1701
1702
1700
1700
1700
1700
1702
1700
1698
1701
1700
1700
1698
1700
1700
1700
1700
1698
1698
1700
1700
1698
1700
1700
1700
1700
1698
1698
1700
1700
1700
1700
1700
1698
1700
1700
1700
1700
1700
1700
1700
1700
1700
1700
1701
1701
1702
1703
1704
1705
1707
1707
1710
1710
1718
1718
1718
1720
1721
1721
1720
1720
1720
1718
1721
1718
1714
1720
1720
1720
1721
1720
1719
1720
1721
1719
1718
1718
1720
1721
1720
1719
1723
1728
1723
1723
1725
1729
1728
1730
1730
1730
1730
1735
1734
1738
1738
1742